[
	{
		"size": 8,
		"time": 6980000,
		"times": 0.00698,
		"val": 71,
		"length": 8,
		"list": [
			15,
			66,
			56,
			-16,
			-58,
			16,
			33,
			-41
		]
	},
	{
		"size": 10,
		"time": 10901100,
		"times": 0.0109011,
		"val": -290,
		"length": 10,
		"list": [
			82,
			-99,
			-67,
			43,
			44,
			-94,
			-63,
			-52,
			8,
			-92
		]
	},
	{
		"size": 50,
		"time": 290262600,
		"times": 0.2902626,
		"val": 395,
		"length": 50,
		"list": [
			75,
			88,
			-2,
			48,
			-54,
			38,
			-39,
			-41,
			-76,
			2,
			49,
			24,
			-78,
			-56,
			24,
			70,
			55,
			45,
			-98,
			-24,
			-51,
			95,
			88,
			40,
			8,
			62,
			21,
			88,
			70,
			50,
			56,
			-2,
			-34,
			47,
			-71,
			-52,
			28,
			-64,
			-47,
			-33,
			26,
			44,
			44,
			13,
			-63,
			45,
			-1,
			-83,
			14,
			7
		]
	},
	{
		"size": 100,
		"time": 3700121700,
		"times": 3.7001217,
		"val": -292,
		"length": 100,
		"list": [
			-40,
			-68,
			81,
			-44,
			-73,
			67,
			81,
			67,
			-56,
			3,
			86,
			-34,
			-74,
			-9,
			65,
			66,
			-8,
			34,
			-65,
			62,
			72,
			-35,
			-75,
			-62,
			-12,
			65,
			-17,
			-90,
			-60,
			-69,
			61,
			-90,
			-5,
			34,
			15,
			-50,
			-49,
			-37,
			61,
			16,
			-26,
			25,
			58,
			77,
			-31,
			-99,
			40,
			-49,
			96,
			10,
			-72,
			60,
			36,
			-96,
			-87,
			0,
			3,
			83,
			90,
			-5,
			80,
			22,
			75,
			60,
			38,
			18,
			-26,
			-5,
			47,
			-45,
			63,
			-29,
			-81,
			-44,
			57,
			-14,
			-46,
			-69,
			7,
			-28,
			31,
			-81,
			-34,
			21,
			-97,
			57,
			-18,
			47,
			-1,
			-50,
			-72,
			31,
			-92,
			-34,
			-17,
			78,
			100,
			-96,
			-30,
			-42
		]
	}
]